min
temps=6500:0
latlon=48.856613:2.352222
speed=1000
method=Auto

