min
temps=5700:3500
latlon=48.856613:2.352222
speed=1000
method=Auto

